10

4
4
2
170
50
37
5
12
15
2268000
44.28

0	4381	226	3018	3937	4158	2688	4838	935	1743	2550	
4381	0	4608	1869	545	4626	1781	2676	3633	3610	1831	
226	4608	0	3232	4163	4258	2912	5030	1131	1886	2777	
3018	1869	3232	0	1733	2956	639	2016	2570	3018	1077	
3937	545	4163	1733	0	4641	1467	2956	3149	3076	1409	
4158	4626	4258	2956	4641	0	3481	2584	4395	5219	3869	
2688	1781	2912	639	1467	3481	0	2623	2092	2427	438	
4838	2676	5030	2016	2956	2584	2623	0	4543	5034	3042	
935	3633	1131	2570	3149	4395	2092	4543	0	921	1840	
1743	3610	1886	3018	3076	5219	2427	5034	921	0	2050	
2550	1831	2777	1077	1409	3869	438	3042	1840	2050	0	


0	 CF140SA 	 0 	 0 	 540  	 1080  	 0  	 0 

1	 CF147JL 		 0 	 8 	 600  	 840  	 10  	 5 
2	 CF140SE 	 	1 	 9 	 540  	 780  	 7  	 3 
3	 CF141QF 	 1 	 4 	 720  	 960  	 6  	 3 
4	 CF147DT 	 0 	 10 	 660  	 900  	 7  	 3 
5	 CF244EZ 	 	0 	 25 	 660  	 900  	 5  	 2 
6	 CF146BW  	0 	 10 	 600  	 840  	 10  	 5 
7	 CF52LA 	 	1 	 7 	 540  	 780  	 6  	 3 
8	 CF145AJ 	 	0 	 8 	 600  	 840  	 10  	 5 
9	 CF149FJ 	 	1 	 8 	 660  	 900  	 7  	 3 
10	 CF146ED 	 1 	 4 	 540  	 780  	 8  	 4 

