10

4
4
2
170
50
37
5
12
15
2268000
44.28

0	3944	2773	1423	4060	1316	4493	5312	2252	2018	2759	
3944	0	3610	4038	986	2762	2887	2504	2437	2247	1561	
2773	3610	0	1537	3023	1972	5731	5934	3761	1732	2092	
1423	4038	1537	0	3801	1413	5397	5950	3173	1790	2532	
4060	986	3023	3801	0	2761	3862	3453	3063	2098	1319	
1316	2762	1972	1413	2761	0	4019	4538	1860	705	1449	
4493	2887	5731	5397	3862	4019	0	1368	2259	4004	3784	
5312	2504	5934	5950	3453	4538	1368	0	3096	4308	3850	
2252	2437	3761	3173	3063	1860	2259	3096	0	2076	2241	
2018	2247	1732	1790	2098	705	4004	4308	2076	0	781	
2759	1561	2092	2532	1319	1449	3784	3850	2241	781	0	


0	 CF143UA  0 	 0 	 540  	 1080  	 0  	 0 

1	 CF146HX 	 1 	 7 	 600  	 840  	 10  	 5 
2	 CF52NQ 	 	0 	 10 	 540  	 780  	 9  	 4 
3	 CF52AE 	 	0 	 5 	 720  	 960  	 9  	 4 
4	 CF147BS 	 1 	 2 	 540  	 780  	 10  	 5 
5	 CF142SA 	 0 	 4 	 660  	 900  	 7  	 3 
6	 CF140XB 	 1 	 4 	 720  	 960  	 5  	 2 
7	 CF149EU 	 1 	 5 	 600  	 840  	 5  	 2 
8	 CF144EG 	 1 	 1 	 540  	 780  	 9  	 4 
9	 CF142ND  	0 	 10 	 720  	 960  	 5  	 2 
10	 CF141LZ 	 	0 	 10 	 540  	 780  	 7  	 3 

