10

4
4
2
170
50
37
5
12
15
2268000
44.28

0	3707	2672	4637	2970	2959	4103	4584	3121	4902	2771	
3707	0	2713	1607	1417	1325	1402	985	1284	3390	1549	
2672	2713	0	4270	3165	3075	3918	3671	1451	2240	1171	
4637	1607	4270	0	1677	1679	549	963	2878	4909	3100	
2970	1417	3165	1677	0	105	1136	1874	2106	4518	2123	
2959	1325	3075	1679	105	0	1146	1821	2002	4413	2024	
4103	1402	3918	549	1136	1146	0	1136	2593	4790	2763	
4584	985	3671	963	1874	1821	1136	0	2222	4012	2520	
3121	1284	1451	2878	2106	2002	2593	2222	0	2428	380	
4902	3390	2240	4909	4518	4413	4790	4012	2428	0	2536	
2771	1549	1171	3100	2123	2024	2763	2520	380	2536	0	


0	 CF145AL 	 0 	 0 	 540  	 1080  	 0  	 0 

1	 CF142HQ  	1 	 9 	 600  	 840  	 6  	 3 
2	 CF143RL 	 	0 	 2 	 660  	 900  	 9  	 4 
3	 CF52DH 	 	1 	 9 	 600  	 840  	 10  	 5 
4	 CF147AE 	 1 	 1 	 720  	 960  	 10  	 5 
5	 CF147AA 	 0 	 3 	 720  	 960  	 9  	 4 
6	 CF142HP 	 1 	 7 	 660  	 900  	 8  	 4 
7	 CF52QG 	 	1 	 4 	 660  	 900  	 5  	 2 
8	 CF141HX 	 1 	 9 	 540  	 780  	 7  	 3 
9	 CF244BD 	 1 	 6 	 660  	 900  	 7  	 3 
10	 CF144DD 	 1 	 4 	 720  	 960  	 5  	 2 

