10

4
4
2
170
50
37
5
12
15
2268000
44.28

0	2975	1598	1778	2520	1204	1426	1882	3481	2794	824	
2975	0	1686	1338	2526	2127	2161	3037	1718	4391	2600	
1598	1686	0	1187	1343	1483	1712	2660	1889	3933	1685	
1778	1338	1187	0	2507	788	846	1794	2540	3155	1272	
2520	2526	1343	2507	0	2797	3041	3959	1578	5168	2902	
1204	2127	1483	788	2797	0	270	1178	3183	2487	507	
1426	2161	1712	846	3041	270	0	979	3341	2325	649	
1882	3037	2660	1794	3959	1178	979	0	4317	1363	1128	
3481	1718	1889	2540	1578	3183	3341	4317	0	5663	3509	
2794	4391	3933	3155	5168	2487	2325	1363	5663	0	2268	
824	2600	1685	1272	2902	507	649	1128	3509	2268	0	


0	 CF144HJ 	 0 	 0 	 540  	 1080  	 0  	 0 

1	 CF147BF 	 1 	 5 	 540  	 780  	 8  	 4 
2	 CF141PU 	 0 	 25 	 720  	 960  	 6  	 3 
3	 CF146EF 	 	1 	 2 	 660  	 900  	 6  	 3 
4	 CF142QW  	0 	 1 	 720  	 960  	 7  	 3 
5	 CF146NE 	 1 	 2 	 600  	 840  	 10  	 5 
6	 CF146LP 	 	0 	 9 	 600  	 840  	 10  	 5 
7	 CF145HR 	 1 	 8 	 600  	 840  	 10  	 5 
8	 CF52TB 	 	1 	 5 	 660  	 900  	 5  	 2 
9	 CF149HH  	0 	 25 	 720  	 960  	 8  	 4 
10	 CF145FG 	 0 	 14 	 660  	 900  	 9  	 4 

